[-4.2252233744829235,
  -4.3214136690932055,
  -4.3836363105314655,
  -4.409553283069757,
  -4.3971204659917955,
  -4.3446151204970604,
  -4.250660752496082,
  -4.114249086677706,
  -3.934758910739583,
  -3.711971574488834,
  -3.44608295643266,
  -3.1377117402608894,
  -2.787903875030641,
  -2.3981331256371634,
  -1.9702976540231882,
  -1.5067126062578782,
  -1.0100987158147832,
  -0.48356696879816374,
  0.06940058779246389,
  0.6449737787110889,
  0.6449737787110889,
  1.254090241770425,
  1.8911578651453786,
  2.5510089122601824,
  3.2280613176873127,
  3.9163645744050104,
  4.6096499548796315,
  5.301384653820619,
  5.984829401019225,
  6.653099056919844,
  7.2992256718168385,
  7.916223462118964,
  8.49715513424242,
  9.03519896860929,
  9.523716063128443,
  9.956317127567495,
  10.326928217491641,
  10.629854799008575,
  10.859843543434778,
  11.012141264159135,
  11.012141264159135,
  11.21752147192086,
  11.331845965556015,
  11.349387982708764,
  11.265221744010432,
  11.075290913288498,
  10.77646985764995,
  10.36661704610826,
  9.844619989978423,
  9.210431198574678,
  8.465094699239922,
  7.610762750796737,
  6.650702463478038,
  5.589292125574243,
  4.432007126696568,
  3.1853954589503477,
  1.8570428696668684,
  0.4555278318736826,
  -1.0096334093984576,
  -2.528051366358241,
  -2.528051366358241,
  -4.13833003740296,
  -5.814840688945119,
  -7.5436179744570975,
  -9.309672932427931,
  -11.097118335081246,
  -12.889304833783987,
  -14.668966771743337,
  -16.418376436268577,
  -18.1195054346124,
  -19.754191800026796,
  -21.30431136890855,
  -22.751951916410228,
  -24.079588497195456,
  -25.27025841055946,
  -26.307734195242695,
  -27.17669305915213,
  -27.862881162970265,
  -28.35327120425851,
  -28.63621179001631,
  -28.63621179001631,
  -29.051114886935224,
  -29.222591558117255,
  -29.13671428457486,
  -28.78173049969735,
  -28.148232256364057,
  -27.22930622154275,
  -26.02066235316432,
  -24.520739790561723,
  -22.730788680557016,
  -20.65492686481731,
  -18.300170568709042,
  -15.676438455778687,
  -12.796528643320686,
  -9.676068511314755,
  -6.333437377338954,
  -2.7896623518500334,
  0.9317120705867523,
  4.804779890007026,
  8.801453921774355,
  8.801453921774355,
  13.048673064143395,
  17.450723813424972,
  21.96998412809884,
  26.56631803747533,
  31.19741673043081,
  35.819166409239045,
  40.386039826377214,
  44.8515081782481,
  49.1684698132394,
  53.28969202448824,
  57.16826204192299,
  60.75804321516988,
  64.01413229000495,
  66.89331362720601,
  69.35450619460886,
  71.35919918131012,
  72.87187213738375,
  73.86039563298836,
  74.29640855683066,
  74.29640855683066,
  75.05878789708686,
  75.17209108651481,
  74.60272522073126,
  73.32298291582825,
  71.31146047958032,
  68.55342254094876,
  65.0411090658292,
  60.773981167643235,
  55.758902637370745,
  50.0102546647247,
  43.54998179587704,
  36.40756776867049,
  28.619940478640224,
  20.231305953253898,
  11.292911842305527,
  1.8627415639888207,
  -7.994859126551653,
  -18.20962076184347,
  -28.70585099305458],
 [-0.29916185989428606,
  -0.673462118942453,
  -1.06584279647405,
  -1.473164200165567,
  -1.892023565883286,
  -2.31878277827323,
  -2.749598832442643,
  -3.1804567881689825,
  -3.607204943137783,
  -4.0255919289936095,
  -4.431305413698208,
  -4.820012076017704,
  -5.187398503074848,
  -5.529212649950079,
  -5.841305491418411,
  -6.119672490165743,
  -6.360494503309191,
  -6.560177749796074,
  -6.7153924652924735,
  -6.8231098784846225,
  -6.8231098784846225,
  -6.964434361944164,
  -7.050125217593569,
  -7.076520270134268,
  -7.04044276262434,
  -6.939244761244199,
  -6.770846210943156,
  -6.533769223406981,
  -6.227167217766463,
  -5.850848577091244,
  -5.405294529636819,
  -4.891671012660885,
  -4.31183432799656,
  -3.6683304520394913,
  -2.964387917928276,
  -2.2039042440114676,
  -1.391425939725399,
  -0.5321221772721045,
  0.3682477255022217,
  1.303372809359186,
  1.303372809359186,
  2.294036934410761,
  3.32779274659163,
  4.396141567971657,
  5.489933026618821,
  6.59944093615017,
  7.714446019677891,
  8.82432479551795,
  9.918143879723788,
  10.98475890428525,
  12.012917200216418,
  12.9913633522152,
  13.908946696524481,
  14.754729806410532,
  15.5180969905864,
  16.188861819165087,
  16.757372689481063,
  17.21461545044777,
  17.552312119032354,
  17.763014745861458,
  17.763014745861458,
  18.057463865391455,
  18.202983091141526,
  18.190633060603044,
  18.012794884392317,
  17.663277991617065,
  17.137416067766917,
  16.43215004141363,
  15.546097182802887,
  14.479605493293253,
  13.234792688604905,
  11.815569209965425,
  10.227644834398271,
  8.478518597453855,
  6.577451887444201,
  4.535424718486977,
  2.365075339138442,
  0.08062348282773381,
  -2.3022222855805605,
  -4.766372527249223,
  -4.766372527249223,
  -7.3823045400702485,
  -10.099692989232397,
  -12.895607450188983,
  -15.74551208510256,
  -18.62347251180843,
  -21.502379683065517,
  -24.354188909442414,
  -27.150172004218813,
  -29.861180390330468,
  -32.457916888948894,
  -34.911213807913775,
  -37.192314866928136,
  -39.27315843601095,
  -41.12665952484435,
  -42.72698794383023,
  -44.04984006318636,
  -45.07270162437423,
  -45.775099108485,
  -46.13883723864957,
  -46.13883723864957,
  -46.7102455709596,
  -46.88403178229422,
  -46.63854150278369,
  -45.955699656587825,
  -44.821277021303736,
  -43.225124317652316,
  -41.16137123939134,
  -38.62858812480138,
  -35.629908284988225,
  -32.173109338067206,
  -28.27065224929918,
  -23.93967714251581,
  -19.20195532466622,
  -14.083797349869538,
  -8.615917338735766,
  -2.833254159606418,
  3.2252495325606345,
  9.516909020023931,
  15.995598253731849,
  15.995598253731849,
  22.887473280304157,
  30.0146390749954,
  37.31541461291013,
  44.72418890239451,
  52.17198287459025,
  59.58705332915522,
  66.89553385193449,
  74.02210723688626,
  80.89070360630377,
  87.42521813353042,
  93.55024203373758,
  99.19180030332481,
  104.27808955904293,
  108.74020925553248,
  112.51287954561619,
  115.53513909192417,
  117.7510162412958,
  119.11016713444229,
  119.56847454161948]||
[-8.450446748965847,
  -8.642827338186411,
  -8.767272621062931,
  -8.819106566139514,
  -8.794240931983591,
  -8.689230240994121,
  -8.501321504992164,
  -8.228498173355412,
  -7.869517821479166,
  -7.423943148977668,
  -6.89216591286532,
  -6.275423480521779,
  -5.575807750061282,
  -4.796266251274327,
  -3.9405953080463765,
  -3.0134252125157563,
  -2.0201974316295663,
  -0.9671339375963275,
  0.13880117558492777,
  1.2899475574221777,
  1.2899475574221777,
  2.50818048354085,
  3.7823157302907573,
  5.102017824520365,
  6.4561226353746255,
  7.832729148810021,
  9.219299909759263,
  10.602769307641237,
  11.96965880203845,
  13.306198113839688,
  14.598451343633677,
  15.832446924237928,
  16.99431026848484,
  18.07039793721858,
  19.047432126256886,
  19.91263425513499,
  20.653856434983282,
  21.25970959801715,
  21.719687086869556,
  22.02428252831827,
  22.02428252831827,
  22.43504294384172,
  22.66369193111203,
  22.69877596541753,
  22.530443488020865,
  22.150581826576996,
  21.5529397152999,
  20.73323409221652,
  19.689239979956845,
  18.420862397149357,
  16.930189398479843,
  15.221525501593474,
  13.301404926956076,
  11.178584251148486,
  8.864014253393137,
  6.370790917900695,
  3.7140857393337368,
  0.9110556637473652,
  -2.019266818796915,
  -5.056102732716482,
  -5.056102732716482,
  -8.27666007480592,
  -11.629681377890238,
  -15.087235948914195,
  -18.619345864855863,
  -22.194236670162493,
  -25.778609667567974,
  -29.337933543486674,
  -32.836752872537154,
  -36.2390108692248,
  -39.50838360005359,
  -42.6086227378171,
  -45.503903832820455,
  -48.15917699439091,
  -50.54051682111892,
  -52.61546839048539,
  -54.35338611830426,
  -55.72576232594053,
  -56.70654240851702,
  -57.27242358003262,
  -57.27242358003262,
  -58.10222977387045,
  -58.44518311623451,
  -58.27342856914972,
  -57.5634609993947,
  -56.296464512728114,
  -54.4586124430855,
  -52.04132470632864,
  -49.04147958112345,
  -45.46157736111403,
  -41.30985372963462,
  -36.600341137418084,
  -31.352876911557374,
  -25.593057286641372,
  -19.35213702262951,
  -12.666874754677908,
  -5.579324703700067,
  1.8634241411735046,
  9.609559780014052,
  17.60290784354871,
  17.60290784354871,
  26.09734612828679,
  34.901447626849944,
  43.93996825619768,
  53.13263607495066,
  62.39483346086162,
  71.63833281847809,
  80.77207965275443,
  89.7030163564962,
  98.3369396264788,
  106.57938404897648,
  114.33652408384599,
  121.51608643033975,
  128.0282645800099,
  133.78662725441202,
  138.70901238921772,
  142.71839836262023,
  145.7437442747675,
  147.72079126597671,
  148.5928171136613,
  148.5928171136613,
  150.11757579417372,
  150.34418217302962,
  149.20545044146252,
  146.6459658316565,
  142.62292095916064,
  137.10684508189752,
  130.0822181316584,
  121.54796233528647,
  111.51780527474149,
  100.0205093294494,
  87.09996359175408,
  72.81513553734098,
  57.23988095728045,
  40.462611906507796,
  22.585823684611054,
  3.7254831279776415,
  -15.989718253103305,
  -36.41924152368694,
  -57.41170198610916],
 [-0.5983237197885721,
  -1.346924237884906,
  -2.1316855929481,
  -2.946328400331134,
  -3.784047131766572,
  -4.63756555654646,
  -5.499197664885286,
  -6.360913576337965,
  -7.214409886275566,
  -8.051183857987219,
  -8.862610827396416,
  -9.640024152035409,
  -10.374797006149697,
  -11.058425299900158,
  -11.682610982836822,
  -12.239344980331486,
  -12.720989006618382,
  -13.120355499592147,
  -13.430784930584947,
  -13.646219756969245,
  -13.646219756969245,
  -13.928868723888328,
  -14.100250435187139,
  -14.153040540268536,
  -14.08088552524868,
  -13.878489522488398,
  -13.541692421886312,
  -13.067538446813963,
  -12.454334435532926,
  -11.701697154182488,
  -10.810589059273639,
  -9.78334202532177,
  -8.62366865599312,
  -7.3366609040789825,
  -5.928775835856552,
  -4.407808488022935,
  -2.782851879450798,
  -1.064244354544209,
  0.7364954510044434,
  2.606745618718372,
  2.606745618718372,
  4.588073868821522,
  6.65558549318326,
  8.792283135943315,
  10.979866053237641,
  13.19888187230034,
  15.428892039355782,
  17.6486495910359,
  19.836287759447575,
  21.9695178085705,
  24.025834400432835,
  25.9827267044304,
  27.817893393048962,
  29.509459612821065,
  31.0361939811728,
  32.377723638330174,
  33.514745378962125,
  34.42923090089554,
  35.10462423806471,
  35.526029491722916,
  35.526029491722916,
  36.11492773078291,
  36.40596618228305,
  36.38126612120609,
  36.025589768784634,
  35.32655598323413,
  34.274832135533835,
  32.86430008282726,
  31.092194365605774,
  28.959210986586505,
  26.46958537720981,
  23.63113841993085,
  20.455289668796542,
  16.95703719490771,
  13.154903774888401,
  9.070849436973955,
  4.730150678276884,
  0.16124696565546762,
  -4.604444571161121,
  -9.532745054498445,
  -9.532745054498445,
  -14.764609080140497,
  -20.199385978464793,
  -25.791214900377966,
  -31.49102417020512,
  -37.24694502361686,
  -43.00475936613103,
  -48.70837781888483,
  -54.30034400843763,
  -59.722360780660935,
  -64.91583377789779,
  -69.82242761582755,
  -74.38462973385627,
  -78.5463168720219,
  -82.2533190496887,
  -85.45397588766046,
  -88.09968012637272,
  -90.14540324874847,
  -91.55019821697,
  -92.27767447729914,
  -92.27767447729914,
  -93.4204911419192,
  -93.76806356458845,
  -93.27708300556738,
  -91.91139931317565,
  -89.64255404260747,
  -86.45024863530463,
  -82.32274247878269,
  -77.25717624960276,
  -71.25981656997645,
  -64.34621867613441,
  -56.54130449859836,
  -47.87935428503162,
  -38.40391064933244,
  -28.167594699739077,
  -17.231834677471532,
  -5.666508319212836,
  6.450499065121269,
  19.033818040047862,
  31.991196507463698,
  31.991196507463698,
  45.77494656060831,
  60.0292781499908,
  74.63082922582026,
  89.44837780478902,
  104.3439657491805,
  119.17410665831044,
  133.79106770386898,
  148.0442144737725,
  161.78140721260755,
  174.85043626706084,
  187.10048406747515,
  198.38360060664962,
  208.55617911808585,
  217.48041851106495,
  225.02575909123237,
  231.07027818384833,
  235.5020324825916,
  238.22033426888459,
  239.13694908323896]||
[-12.67567012344877,
  -12.964241007279615,
  -13.150908931594394,
  -13.228659849209269,
  -13.191361397975387,
  -13.033845361491181,
  -12.751982257488244,
  -12.342747260033116,
  -11.804276732218746,
  -11.1359147234665,
  -10.33824886929798,
  -9.413135220782667,
  -8.36371162509192,
  -7.1943993769114885,
  -5.910892962069563,
  -4.520137818773634,
  -3.0302961474443495,
  -1.4507009063944911,
  0.20820176337739166,
  1.9349213361332662,
  1.9349213361332662,
  3.7622707253112737,
  5.673473595436135,
  7.653026736780547,
  9.684183953061936,
  11.74909372321503,
  13.82894986463889,
  15.904153961461855,
  17.95448820305767,
  19.959297170759527,
  21.897677015450512,
  23.748670386356885,
  25.491465402727254,
  27.105596905827866,
  28.571148189385323,
  29.86895138270248,
  30.980784652474917,
  31.889564397025723,
  32.57953063030433,
  33.0364237924774,
  33.0364237924774,
  33.652564415762576,
  33.99553789666803,
  34.04816394812629,
  33.79566523203129,
  33.22587273986549,
  32.32940957294984,
  31.099851138324773,
  29.533859969935264,
  27.631293595724024,
  25.39528409771976,
  22.83228825239021,
  19.95210739043411,
  16.767876376722725,
  13.296021380089702,
  9.556186376851041,
  5.571128609000604,
  1.3665834956210476,
  -3.0289002281953716,
  -7.584154099074721,
  -7.584154099074721,
  -12.414990112208876,
  -17.444522066835354,
  -22.630853923371287,
  -27.929018797283785,
  -33.29135500524373,
  -38.66791450135195,
  -44.00690031522999,
  -49.25512930880572,
  -54.358516303837185,
  -59.262575400080365,
  -63.91293410672564,
  -68.25585574923066,
  -72.23876549158635,
  -75.81077523167836,
  -78.92320258572806,
  -81.53007917745636,
  -83.58864348891076,
  -85.05981361277551,
  -85.90863537004891,
  -85.90863537004891,
  -87.15334466080566,
  -87.66777467435173,
  -87.41014285372457,
  -86.34519149909202,
  -84.44469676909215,
  -81.68791866462824,
  -78.06198705949294,
  -73.56221937168516,
  -68.19236604167104,
  -61.96478059445192,
  -54.90051170612711,
  -47.029315367336054,
  -38.38958592996205,
  -29.028205533944263,
  -19.00031213201686,
  -8.368987055550098,
  2.7951362117602567,
  14.414339670021077,
  26.404361765323063,
  26.404361765323063,
  39.14601919243019,
  52.35217144027491,
  65.90995238429652,
  79.69895411242598,
  93.59225019129242,
  107.45749922771712,
  121.15811947913164,
  134.5545245347443,
  147.5054094397182,
  159.8690760734647,
  171.50478612576896,
  182.27412964550965,
  192.04239687001484,
  200.67994088161805,
  208.0635185838266,
  214.07759754393035,
  218.6156164121512,
  221.58118689896503,
  222.88922567049195,
  222.88922567049195,
  225.1763636912606,
  225.51627325954442,
  223.80817566219378,
  219.96894874748475,
  213.93438143874096,
  205.66026762284628,
  195.12332719748755,
  182.3219435029297,
  167.27670791211222,
  150.0307639941741,
  130.6499453876311,
  109.22270330601145,
  85.85982143592065,
  60.69391785976169,
  33.878735526916586,
  5.588224691966461,
  -23.984577379654958,
  -54.62886228553042,
  -86.11755297916373],
 [-0.8974855796828581,
  -2.0203863568273586,
  -3.19752838942215,
  -4.4194926004967,
  -5.676070697649858,
  -6.956348334819689,
  -8.248796497327927,
  -9.541370364506946,
  -10.821614829413347,
  -12.076775786980829,
  -13.293916241094623,
  -14.460036228053113,
  -15.56219550922454,
  -16.587637949850233,
  -17.52391647425523,
  -18.35901747049722,
  -19.081483509927573,
  -19.68053324938822,
  -20.14617739587742,
  -20.469329635453864,
  -20.469329635453864,
  -20.89330308583249,
  -21.150375652780703,
  -21.229560810402802,
  -21.121328287873016,
  -20.81773428373259,
  -20.312538632829465,
  -19.60130767022094,
  -18.681501653299385,
  -17.552545731273728,
  -16.215883588910454,
  -14.675013037982653,
  -12.935502983989679,
  -11.004991356118472,
  -8.893163753784826,
  -6.611712732034402,
  -4.174277819176196,
  -1.5963665318163134,
  1.104743176506665,
  3.910118428077557,
  3.910118428077557,
  6.8821108032322815,
  9.983378239774886,
  13.188424703914972,
  16.469799079856458,
  19.798322808450507,
  23.143338059033667,
  26.47297438655384,
  29.754431639171358,
  32.954276712855744,
  36.03875160064925,
  38.9740900566456,
  41.72684008957343,
  44.264189419231585,
  46.55429097175919,
  48.56658545749526,
  50.27211806844317,
  51.6438463513433,
  52.65693635709705,
  53.289044237584356,
  53.289044237584356,
  54.17239159617435,
  54.608949273424564,
  54.57189918180912,
  54.03838465317694,
  52.98983397485117,
  51.41224820330074,
  49.29645012424087,
  46.638291548408645,
  43.43881647987975,
  39.7043780658147,
  35.44670762989627,
  30.682934503194804,
  25.43555579236155,
  19.732355662332598,
  13.606274155460929,
  7.095226017415324,
  0.24187044848320133,
  -6.90666685674168,
  -14.299117581747662,
  -14.299117581747662,
  -22.14691362021074,
  -30.29907896769718,
  -38.68682235056694,
  -47.23653625530766,
  -55.87041753542527,
  -64.50713904919654,
  -73.06256672832723,
  -81.45051601265644,
  -89.5835411709914,
  -97.37375066684666,
  -104.7336414237413,
  -111.57694460078437,
  -117.81947530803284,
  -123.37997857453304,
  -128.1809638314907,
  -132.14952018955904,
  -135.21810487312268,
  -137.32529732545498,
  -138.4165117159487,
  -138.4165117159487,
  -140.13073671287881,
  -140.65209534688265,
  -139.91562450835107,
  -137.86709896976345,
  -134.4638310639112,
  -129.67537295295693,
  -123.48411371817403,
  -115.88576437440413,
  -106.88972485496467,
  -96.5193280142016,
  -84.81195674789753,
  -71.81903142754743,
  -57.605865973998654,
  -42.25139204960861,
  -25.8477520162073,
  -8.499762478819253,
  9.675748597681903,
  28.550727060071786,
  47.98679476119555,
  47.98679476119555,
  68.66241984091246,
  90.0439172249862,
  111.9462438387304,
  134.1725667071835,
  156.51594862377073,
  178.76115998746565,
  200.68660155580343,
  222.06632171065877,
  242.67211081891128,
  262.27565440059124,
  280.65072610121274,
  297.5754009099744,
  312.8342686771287,
  326.22062776659743,
  337.53863863684853,
  346.6054172757724,
  353.2530487238874,
  357.33050140332693,
  358.7054236248584]||
[-16.900893497931694,
  -17.285654676372822,
  -17.534545242125862,
  -17.638213132279027,
  -17.588481863967182,
  -17.378460481988242,
  -17.00264300998433,
  -16.456996346710824,
  -15.739035642958331,
  -14.847886297955336,
  -13.78433182573064,
  -12.550846961043558,
  -11.151615500122563,
  -9.592532502548654,
  -7.881190616092753,
  -6.026850425031513,
  -4.040394863259133,
  -1.934267875192655,
  0.27760235116985554,
  2.5798951148443554,
  2.5798951148443554,
  5.0163609670817,
  7.564631460581515,
  10.20403564904073,
  12.912245270749251,
  15.665458297620042,
  18.438599819518526,
  21.205538615282475,
  23.9393176040769,
  26.612396227679376,
  29.196902687267354,
  31.664893848475856,
  33.98862053696968,
  36.14079587443716,
  38.09486425251377,
  39.82526851026998,
  41.307712869966565,
  42.5194191960343,
  43.43937417373911,
  44.04856505663654,
  44.04856505663654,
  44.87008588768344,
  45.32738386222406,
  45.39755193083506,
  45.06088697604173,
  44.30116365315399,
  43.1058794305998,
  41.46646818443304,
  39.37847995991369,
  36.84172479429871,
  33.86037879695969,
  30.443051003186948,
  26.602809853912152,
  22.35716850229697,
  17.728028506786274,
  12.74158183580139,
  7.4281714786674735,
  1.8221113274947305,
  -4.03853363759383,
  -10.112205465432965,
  -10.112205465432965,
  -16.55332014961184,
  -23.259362755780476,
  -30.17447189782839,
  -37.238691729711725,
  -44.388473340324985,
  -51.55721933513595,
  -58.67586708697335,
  -65.67350574507431,
  -72.4780217384496,
  -79.01676720010718,
  -85.2172454756342,
  -91.00780766564091,
  -96.31835398878182,
  -101.08103364223784,
  -105.23093678097078,
  -108.70677223660851,
  -111.45152465188106,
  -113.41308481703405,
  -114.54484716006525,
  -114.54484716006525,
  -116.2044595477409,
  -116.89036623246902,
  -116.54685713829944,
  -115.1269219987894,
  -112.59292902545623,
  -108.917224886171,
  -104.08264941265728,
  -98.0829591622469,
  -90.92315472222806,
  -82.61970745926924,
  -73.20068227483617,
  -62.70575382311475,
  -51.186114573282744,
  -38.70427404525902,
  -25.333749509355815,
  -11.158649407400134,
  3.7268482823470093,
  19.219119560028105,
  35.20581568709742,
  35.20581568709742,
  52.19469225657358,
  69.80289525369989,
  87.87993651239536,
  106.26527214990132,
  124.78966692172324,
  143.27666563695618,
  161.54415930550886,
  179.4060327129924,
  196.6738792529576,
  213.15876809795296,
  228.67304816769197,
  243.0321728606795,
  256.0565291600198,
  267.57325450882405,
  277.41802477843544,
  285.43679672524047,
  291.487488549535,
  295.44158253195343,
  297.1856342273226,
  297.1856342273226,
  300.23515158834743,
  300.68836434605925,
  298.41090088292503,
  293.291931663313,
  285.2458419183213,
  274.21369016379504,
  260.1644362633168,
  243.09592467057294,
  223.03561054948298,
  200.0410186588988,
  174.19992718350815,
  145.63027107468196,
  114.4797619145609,
  80.92522381301559,
  45.17164736922211,
  7.450966255955283,
  -31.97943650620661,
  -72.83848304737388,
  -114.82340397221832],
 [-1.1966474395771443,
  -2.693848475769812,
  -4.2633711858962,
  -5.892656800662268,
  -7.568094263533144,
  -9.27513111309292,
  -10.998395329770572,
  -12.72182715267593,
  -14.428819772551131,
  -16.102367715974438,
  -17.725221654792833,
  -19.280048304070817,
  -20.749594012299394,
  -22.116850599800316,
  -23.365221965673644,
  -24.478689960662972,
  -25.441978013236763,
  -26.240710999184294,
  -26.861569861169894,
  -27.29243951393849,
  -27.29243951393849,
  -27.857737447776657,
  -28.200500870374277,
  -28.306081080537073,
  -28.16177105049736,
  -27.756979044976795,
  -27.083384843772624,
  -26.135076893627925,
  -24.908668871065853,
  -23.403394308364977,
  -21.621178118547277,
  -19.56668405064354,
  -17.24733731198624,
  -14.673321808157965,
  -11.857551671713104,
  -8.81561697604587,
  -5.565703758901596,
  -2.128488709088418,
  1.4729909020088867,
  5.213491237436744,
  5.213491237436744,
  9.176147737643044,
  13.31117098636652,
  17.58456627188663,
  21.959732106475283,
  26.39776374460068,
  30.857784078711564,
  35.2972991820718,
  39.67257551889515,
  43.939035617141,
  48.05166880086567,
  51.9654534088608,
  55.635786786097924,
  59.01891922564213,
  62.0723879623456,
  64.75544727666035,
  67.02949075792425,
  68.85846180179108,
  70.20924847612942,
  71.05205898344583,
  71.05205898344583,
  72.22985546156582,
  72.8119323645661,
  72.76253224241218,
  72.05117953756927,
  70.65311196646826,
  68.54966427106767,
  65.72860016565453,
  62.18438873121155,
  57.91842197317301,
  52.93917075441962,
  47.2622768398617,
  40.910579337593084,
  33.91407438981542,
  26.309807549776803,
  18.14169887394791,
  9.460301356553767,
  0.32249393131093523,
  -9.208889142322242,
  -19.06549010899689,
  -19.06549010899689,
  -29.529218160280994,
  -40.398771956929586,
  -51.58242980075593,
  -62.98204834041024,
  -74.49389004723372,
  -86.00951873226207,
  -97.41675563776965,
  -108.60068801687525,
  -119.44472156132187,
  -129.83166755579558,
  -139.6448552316551,
  -148.76925946771254,
  -157.0926337440438,
  -164.5066380993774,
  -170.90795177532092,
  -176.19936025274544,
  -180.29080649749693,
  -183.10039643394,
  -184.5553489545983,
  -184.5553489545983,
  -186.8409822838384,
  -187.5361271291769,
  -186.55416601113475,
  -183.8227986263513,
  -179.28510808521494,
  -172.90049727060926,
  -164.64548495756537,
  -154.51435249920553,
  -142.5196331399529,
  -128.69243735226883,
  -113.08260899719671,
  -95.75870857006323,
  -76.80782129866488,
  -56.33518939947815,
  -34.463669354943065,
  -11.333016638425672,
  12.900998130242538,
  38.067636080095724,
  63.982393014927396,
  63.982393014927396,
  91.54989312121663,
  120.0585562999816,
  149.26165845164053,
  178.89675560957804,
  208.687931498361,
  238.34821331662087,
  267.58213540773795,
  296.088428947545,
  323.5628144252151,
  349.7008725341217,
  374.2009681349503,
  396.76720121329924,
  417.1123582361717,
  434.9608370221299,
  450.05151818246475,
  462.14055636769666,
  471.0040649651832,
  476.44066853776917,
  478.2738981664779]