[-3.887954289857711,
  -4.133919452305513,
  -4.363109656838594,
  -4.572716894628785,
  -4.760014648937067,
  -4.922382166192743,
  -5.05732824619263,
  -5.162514365366475,
  -5.235776950448726,
  -5.275148624621674,
  -5.2788782542246855,
  -5.2454496314233,
  -5.173598636756167,
  -5.062328735174372,
  -4.910924669995351,
  -4.718964231043308,
  -4.486327986063471,
  -4.213206878194773,
  -3.900107606774953,
  -3.5478557239376944,
  -3.5478557239376944,
  -3.1960518112388474,
  -2.796022340730123,
  -2.348986803626521,
  -1.856609695782993,
  -1.3209960660077036,
  -0.7446835153467461,
  -0.13063067015824625,
  0.5177978220617659,
  1.1968496991786426,
  1.902406792726296,
  2.630009912458801,
  3.3748867572628187,
  4.1319826791272565,
  4.895994104515497,
  5.661404396365283,
  6.4225219202064885,
  7.173520059683238,
  7.9084789102299204,
  8.62142836490587,
  8.62142836490587,
  9.41973204388369,
  10.1952834545977,
  10.940196281999915,
  11.646602265367934,
  12.306716691723153,
  12.912904187796917,
  13.457744313456471,
  13.9340964569144,
  14.335163533022106,
  14.654553990501343,
  14.886341642084957,
  15.025122843181123,
  15.066070559782494,
  15.004984884826822,
  14.838339583968976,
  14.563324276613345,
  14.177881885925697,
  13.680741022218642,
  13.071442997388923,
  13.071442997388923,
  12.500774559510608,
  11.793870674387,
  10.95046304800779,
  9.971456297647304,
  8.85894503880889,
  7.616221812097054,
  6.247775691610868,
  4.759281483760529,
  3.157579493800823,
  1.4506459063770762,
  -0.35244610448958885,
  -2.241574351773197,
  -4.205624446024163,
  -6.2325551213895345,
  -8.309471693463484,
  -10.422707202772555,
  -12.557910737813758,
  -14.700142374809513,
  -16.833974118136734,
  -16.833974118136734,
  -19.174304531538024,
  -21.51485677932659,
  -23.835102826170548,
  -26.114047181375543,
  -28.330390857243916,
  -30.46270012881457,
  -32.48957886315938,
  -34.38984315009923,
  -36.14269693874676,
  -37.72790736592277,
  -39.12597845340595,
  -40.31832185127375,
  -41.2874233143265,
  -42.01700361774134,
  -42.49217264659805,
  -42.699575431611315,
  -42.62752895008446,
  -42.266148566499524,
  -41.607463050943956,
  -41.607463050943956,
  -41.140526704027295,
  -40.31703365988614,
  -39.1272730252015,
  -37.56439936121405,
  -35.6245493675082,
  -33.30693669245998,
  -30.613923915079987,
  -27.55107090325342,
  -24.127158920377017,
  -20.354190024975562,
  -16.247361484874652,
  -11.825015107689891,
  -7.108561571532442,
  -2.122380022654372,
  3.1063066109961532,
  8.547579960953612,
  14.168997407525477,
  19.93578513768571,
  25.811051924777253,
  25.811051924777253,
  32.14276935940445,
  38.63153882789848,
  45.22788102087989,
  51.87983539070115,
  58.533338176476335,
  65.13262259765067,
  71.6206384105006,
  77.93948785655371,
  84.03087488675583,
  89.83656442141252,
  95.29884830446892,
  100.36101453239974,
  104.96781628353769,
  109.06593724358028,
  112.60444971763881,
  115.53526203870726,
  117.81355182684561,
  119.39818172253243,
  120.25209431121748],
 [1.6810180911189807,
  1.4278926034286137,
  1.1469796389680786,
  0.8394242779770009,
  0.5066380445704292,
  0.15029280759852567,
  -0.22768746659112232,
  -0.6251370697881229,
  -1.0396609604058606,
  -1.4686491537272148,
  -1.9092930076759933,
  -2.358603303255697,
  -2.8134300047928633,
  -3.2704835718398098,
  -3.7263576821281146,
  -4.1775532134111275,
  -4.620503321477086,
  -5.051599442133589,
  -5.46721803663152,
  -5.863747892877203,
  -5.863747892877203,
  -6.313583858333498,
  -6.7426258034083455,
  -7.146121087725881,
  -7.519389243952143,
  -7.85786222389409,
  -8.157124345057877,
  -8.412951630701263,
  -8.621350238378994,
  -8.7785936761428,
  -8.88125851190137,
  -8.926258289937502,
  -8.910875379171449,
  -8.832790490389261,
  -8.690109614245346,
  -8.4813881483093,
  -8.205651999654444,
  -7.862415469362622,
  -7.451695746718875,
  -6.974023863650718,
  -6.974023863650718,
  -6.508766522996279,
  -5.96163843517555,
  -5.333551685229798,
  -4.626147560423476,
  -3.8417982447505192,
  -2.9836027584346456,
  -2.055377111647702,
  -1.0616386840120116,
  -0.007584883982466592,
  1.1009338153751196,
  2.2574463256792345,
  3.4548986977607514,
  4.685696961268499,
  5.9417547901654775,
  7.214545697460242,
  8.495159426882509,
  9.774362175668886,
  11.04266025141984,
  12.290366737353667,
  12.290366737353667,
  13.672176569978975,
  15.03547738417475,
  16.36742686937298,
  17.65505165554837,
  18.885351930829977,
  20.045407800463927,
  21.122486597021584,
  22.104150338307633,
  22.978362521656866,
  23.733593441299764,
  24.358923219270576,
  24.8441417499319,
  25.179844773561303,
  25.357525315514042,
  25.369659754126257,
  25.2097878126025,
  24.8725858074485,
  24.35393252833695,
  23.650967171367174,
  23.650967171367174,
  23.039352035768975,
  22.205283011354766,
  21.14551214977294,
  19.858642984559935,
  18.34518087760621,
  16.607569063628066,
  14.650209965346493,
  12.479471457024012,
  10.103677861942225,
  7.5330855795759994,
  4.779843349873231,
  1.8579372744099778,
  -1.2168791735225182,
  -4.42716980641566,
  -7.753914594357633,
  -11.176622190526219,
  -14.67345544553348,
  -18.221369145528843,
  -21.796259113344366,
  -21.796259113344366,
  -25.682133333301373,
  -29.617173981378095,
  -33.5691861936975,
  -37.504819498645965,
  -41.389819603793704,
  -45.18929101782545,
  -48.867968626559595,
  -52.3904962608955,
  -55.721710226831505,
  -58.82692571409131,
  -61.672223960828504,
  -64.22473802770432,
  -66.45293502559886,
  -68.32689264747356,
  -69.81856787649292,
  -70.90205577937724,
  -71.55383634592924,
  -71.7530074024846,
  -71.48150170830732,
  -71.48150170830732,
  -71.58561623430114,
  -71.12893957391812,
  -70.08884045591317,
  -68.44702752118357,
  -66.1897916201248,
  -63.30821542328813,
  -59.79834840127885,
  -55.66134546893616,
  -50.90356784168539,
  -45.53664491685122,
  -39.57749626787834,
  -33.0483131229485,
  -25.97649898947447,
  -18.394569380405823,
  -10.340010895167138,
  -1.8551002053055279,
  7.013316209502726,
  16.214080437633918,
  25.69201820043369]||
[-4.2252233744829235,
  -4.3214136690932055,
  -4.3836363105314655,
  -4.409553283069757,
  -4.3971204659917955,
  -4.3446151204970604,
  -4.250660752496082,
  -4.114249086677706,
  -3.934758910739583,
  -3.711971574488834,
  -3.44608295643266,
  -3.1377117402608894,
  -2.787903875030641,
  -2.3981331256371634,
  -1.9702976540231882,
  -1.5067126062578782,
  -1.0100987158147832,
  -0.48356696879816374,
  0.06940058779246389,
  0.6449737787110889,
  0.6449737787110889,
  1.254090241770425,
  1.8911578651453786,
  2.5510089122601824,
  3.2280613176873127,
  3.9163645744050104,
  4.6096499548796315,
  5.301384653820619,
  5.984829401019225,
  6.653099056919844,
  7.2992256718168385,
  7.916223462118964,
  8.49715513424242,
  9.03519896860929,
  9.523716063128443,
  9.956317127567495,
  10.326928217491641,
  10.629854799008575,
  10.859843543434778,
  11.012141264159135,
  11.012141264159135,
  11.21752147192086,
  11.331845965556015,
  11.349387982708764,
  11.265221744010432,
  11.075290913288498,
  10.77646985764995,
  10.36661704610826,
  9.844619989978423,
  9.210431198574678,
  8.465094699239922,
  7.610762750796737,
  6.650702463478038,
  5.589292125574243,
  4.432007126696568,
  3.1853954589503477,
  1.8570428696668684,
  0.4555278318736826,
  -1.0096334093984576,
  -2.528051366358241,
  -2.528051366358241,
  -4.13833003740296,
  -5.814840688945119,
  -7.5436179744570975,
  -9.309672932427931,
  -11.097118335081246,
  -12.889304833783987,
  -14.668966771743337,
  -16.418376436268577,
  -18.1195054346124,
  -19.754191800026796,
  -21.30431136890855,
  -22.751951916410228,
  -24.079588497195456,
  -25.27025841055946,
  -26.307734195242695,
  -27.17669305915213,
  -27.862881162970265,
  -28.35327120425851,
  -28.63621179001631,
  -28.63621179001631,
  -29.051114886935224,
  -29.222591558117255,
  -29.13671428457486,
  -28.78173049969735,
  -28.148232256364057,
  -27.22930622154275,
  -26.02066235316432,
  -24.520739790561723,
  -22.730788680557016,
  -20.65492686481731,
  -18.300170568709042,
  -15.676438455778687,
  -12.796528643320686,
  -9.676068511314755,
  -6.333437377338954,
  -2.7896623518500334,
  0.9317120705867523,
  4.804779890007026,
  8.801453921774355,
  8.801453921774355,
  13.048673064143395,
  17.450723813424972,
  21.96998412809884,
  26.56631803747533,
  31.19741673043081,
  35.819166409239045,
  40.386039826377214,
  44.8515081782481,
  49.1684698132394,
  53.28969202448824,
  57.16826204192299,
  60.75804321516988,
  64.01413229000495,
  66.89331362720601,
  69.35450619460886,
  71.35919918131012,
  72.87187213738375,
  73.86039563298836,
  74.29640855683066,
  74.29640855683066,
  75.05878789708686,
  75.17209108651481,
  74.60272522073126,
  73.32298291582825,
  71.31146047958032,
  68.55342254094876,
  65.0411090658292,
  60.773981167643235,
  55.758902637370745,
  50.0102546647247,
  43.54998179587704,
  36.40756776867049,
  28.619940478640224,
  20.231305953253898,
  11.292911842305527,
  1.8627415639888207,
  -7.994859126551653,
  -18.20962076184347,
  -28.70585099305458],
 [-0.29916185989428606,
  -0.673462118942453,
  -1.06584279647405,
  -1.473164200165567,
  -1.892023565883286,
  -2.31878277827323,
  -2.749598832442643,
  -3.1804567881689825,
  -3.607204943137783,
  -4.0255919289936095,
  -4.431305413698208,
  -4.820012076017704,
  -5.187398503074848,
  -5.529212649950079,
  -5.841305491418411,
  -6.119672490165743,
  -6.360494503309191,
  -6.560177749796074,
  -6.7153924652924735,
  -6.8231098784846225,
  -6.8231098784846225,
  -6.964434361944164,
  -7.050125217593569,
  -7.076520270134268,
  -7.04044276262434,
  -6.939244761244199,
  -6.770846210943156,
  -6.533769223406981,
  -6.227167217766463,
  -5.850848577091244,
  -5.405294529636819,
  -4.891671012660885,
  -4.31183432799656,
  -3.6683304520394913,
  -2.964387917928276,
  -2.2039042440114676,
  -1.391425939725399,
  -0.5321221772721045,
  0.3682477255022217,
  1.303372809359186,
  1.303372809359186,
  2.294036934410761,
  3.32779274659163,
  4.396141567971657,
  5.489933026618821,
  6.59944093615017,
  7.714446019677891,
  8.82432479551795,
  9.918143879723788,
  10.98475890428525,
  12.012917200216418,
  12.9913633522152,
  13.908946696524481,
  14.754729806410532,
  15.5180969905864,
  16.188861819165087,
  16.757372689481063,
  17.21461545044777,
  17.552312119032354,
  17.763014745861458,
  17.763014745861458,
  18.057463865391455,
  18.202983091141526,
  18.190633060603044,
  18.012794884392317,
  17.663277991617065,
  17.137416067766917,
  16.43215004141363,
  15.546097182802887,
  14.479605493293253,
  13.234792688604905,
  11.815569209965425,
  10.227644834398271,
  8.478518597453855,
  6.577451887444201,
  4.535424718486977,
  2.365075339138442,
  0.08062348282773381,
  -2.3022222855805605,
  -4.766372527249223,
  -4.766372527249223,
  -7.3823045400702485,
  -10.099692989232397,
  -12.895607450188983,
  -15.74551208510256,
  -18.62347251180843,
  -21.502379683065517,
  -24.354188909442414,
  -27.150172004218813,
  -29.861180390330468,
  -32.457916888948894,
  -34.911213807913775,
  -37.192314866928136,
  -39.27315843601095,
  -41.12665952484435,
  -42.72698794383023,
  -44.04984006318636,
  -45.07270162437423,
  -45.775099108485,
  -46.13883723864957,
  -46.13883723864957,
  -46.7102455709596,
  -46.88403178229422,
  -46.63854150278369,
  -45.955699656587825,
  -44.821277021303736,
  -43.225124317652316,
  -41.16137123939134,
  -38.62858812480138,
  -35.629908284988225,
  -32.173109338067206,
  -28.27065224929918,
  -23.93967714251581,
  -19.20195532466622,
  -14.083797349869538,
  -8.615917338735766,
  -2.833254159606418,
  3.2252495325606345,
  9.516909020023931,
  15.995598253731849,
  15.995598253731849,
  22.887473280304157,
  30.0146390749954,
  37.31541461291013,
  44.72418890239451,
  52.17198287459025,
  59.58705332915522,
  66.89553385193449,
  74.02210723688626,
  80.89070360630377,
  87.42521813353042,
  93.55024203373758,
  99.19180030332481,
  104.27808955904293,
  108.74020925553248,
  112.51287954561619,
  115.53513909192417,
  117.7510162412958,
  119.11016713444229,
  119.56847454161948]||
[-3.601845025409574,
  -3.490783669652498,
  -3.334626193797041,
  -3.1328978828439036,
  -2.8856588616721277,
  -2.5935177503293376,
  -2.2576392730966846,
  -1.8797456472103407,
  -1.4621116427805083,
  -1.0075532728575167,
  -0.5194101410631213,
  -0.0015215430289164523,
  0.5418035136497684,
  1.1058221388406453,
  1.685398940960927,
  2.27505259885733,
  2.8690072036139678,
  3.4612478932141943,
  4.04558025117759,
  4.615692893463073,
  4.615692893463073,
  5.2281283181306915,
  5.823684652290724,
  6.394358993812595,
  6.932149144727279,
  7.429148611772095,
  7.877642367240082,
  8.27020231168478,
  8.599781371183926,
  8.859805164280813,
  9.044260187458082,
  9.147777492997992,
  9.165710869172608,
  9.094208579599147,
  8.930277775889929,
  8.671840764914272,
  8.317782388458069,
  7.867987858103712,
  7.323370480954609,
  6.685888811505784,
  6.685888811505784,
  6.031120292314711,
  5.268326123240366,
  4.401020287907428,
  3.434116521555908,
  2.3739075932902494,
  1.2280283078616085,
  0.0054024002743981985,
  -1.2838263263425398,
  -2.628378094124687,
  -4.0159357785640974,
  -5.433257209432205,
  -6.866300124871068,
  -8.300358610426187,
  -9.720209717067648,
  -11.110268826872376,
  -12.45475222341701,
  -13.737845227326224,
  -14.943874176959271,
  -16.05748047086549,
  -16.05748047086549,
  -17.271609664044203,
  -18.377342578261537,
  -19.3558168595957,
  -20.189003979560784,
  -20.85994562513133,
  -21.35298240243017,
  -21.653972186140564,
  -21.75049552883561,
  -21.632045654778132,
  -21.29020070039047,
  -20.71877602730088,
  -19.91395462213861,
  -18.87439380831277,
  -17.6013067268634,
  -16.098517293885806,
  -14.372487608563583,
  -12.432317065886433,
  -10.289712718900565,
  -7.958930733942453,
  -7.958930733942453,
  -5.523144459537552,
  -2.8689836403947835,
  -0.016858992559200193,
  3.0096499323267163,
  6.1839894896228005,
  9.47686473672406,
  12.85650824109837,
  16.28898244695567,
  19.738512753541574,
  23.16784809198587,
  26.53864545215414,
  29.81187450977143,
  32.94823824060724,
  35.9086051857622,
  38.65444885271712,
  41.148289603006496,
  43.354134290924456,
  45.2379088798561,
  46.76787927445991,
  46.76787927445991,
  48.498598707894566,
  49.81574782906738,
  50.682078115784854,
  51.06440742460959,
  50.93412309120219,
  50.26764229087728,
  49.04682388710365,
  47.25932645732897,
  44.8989077077961,
  41.96566106694636,
  38.46618587498031,
  34.4136882590264,
  29.8280104925211,
  24.73558737677531,
  19.169328944883315,
  13.168429565423198,
  6.778104307909962,
  0.049254215657285376,
  -6.961937093490917,
  -6.961937093490917,
  -14.367342525792852,
  -22.098618697981184,
  -30.080192193127793,
  -38.23061079086016,
  -46.463352320616266,
  -54.687707729675424,
  -62.809729595986475,
  -70.73323650391016,
  -78.36086298354985,
  -85.59514409952328,
  -92.33962327001893,
  -98.49997150786615,
  -103.98510600708322,
  -108.70829585469515,
  -112.58824263103371,
  -115.55012377346391,
  -117.52658681844805,
  -118.45868300367297,
  -118.2967292029463],
 [-2.229063210325042,
  -2.6348807746771956,
  -3.038512188135535,
  -3.4350143773429704,
  -3.819344773695448,
  -4.1864184927924795,
  -4.531167121697453,
  -4.848598481049166,
  -5.133856711234536,
  -5.382282020755296,
  -5.589469430764202,
  -5.751325852604278,
  -5.86412484508224,
  -5.924558415096955,
  -5.929785249006237,
  -5.877474792560177,
  -5.765846634097049,
  -5.593704688661391,
  -5.360465729372284,
  -5.066181866290805,
  -5.066181866290805,
  -4.768937261643559,
  -4.400618220809831,
  -3.9619387504478207,
  -3.454493074214429,
  -2.8807603580156327,
  -2.244099341078544,
  -1.5487327840233627,
  -0.7997217548418805,
  -0.0029298841927227278,
  0.8350221684436862,
  1.7068116875944184,
  2.604477857499071,
  3.519494142410791,
  4.442848435913194,
  5.36513023229042,
  6.2766239885166435,
  7.167407768801982,
  8.027456195701241,
  8.846746673334497,
  8.846746673334497,
  9.732470469982221,
  10.570225986729854,
  11.347497023270357,
  12.05203009019071,
  12.671986909014084,
  13.196095121605198,
  13.613795499107754,
  13.915383959121467,
  14.092146736508152,
  14.136487107793224,
  14.042042141168366,
  13.80378803298818,
  13.418132696597894,
  12.882994389370799,
  12.19786529785235,
  11.3638591476327,
  10.383742062591725,
  9.261946065947134,
  8.004564791443116,
  8.004564791443116,
  6.699945996893148,
  5.237771035031177,
  3.62734847896471,
  1.8801350933510674,
  0.0096575620270343,
  -1.9685911458376173,
  -4.037279987304698,
  -6.177391574950815,
  -8.368396096382565,
  -10.58844584061744,
  -12.814588506441847,
  -15.022997243314698,
  -17.18921517028521,
  -19.28841193501859,
  -21.295649715448086,
  -23.186155932643402,
  -24.93559983680071,
  -26.520370050151165,
  -27.91785010210298,
  -27.91785010210298,
  -29.461170577139853,
  -30.78526577310066,
  -31.862902042731264,
  -32.66881033438722,
  -33.180038902155204,
  -33.37628625391224,
  -33.24021032696334,
  -32.757710093623366,
  -31.91817605412741,
  -30.714706369222093,
  -29.144285716938963,
  -27.207924324214453,
  -24.910755020663903,
  -22.262086585070577,
  -19.27541210084922,
  -15.968371500461004,
  -12.362667955859417,
  -8.483938257724231,
  -4.361577815568273,
  -4.361577815568273,
  -0.028868752308248914,
  4.586007632612596,
  9.442495113118882,
  14.495581373931511,
  19.696212564929276,
  24.99176250378637,
  30.32655209139606,
  35.64241390785155,
  40.87929640807086,
  45.97590164160149,
  50.870349986276324,
  55.50086501519497,
  59.80647131532493,
  63.72769784752821,
  67.20727928497647,
  70.19084769192708,
  72.62760690911948,
  74.47098209624484,
  75.67923704586724,
  75.67923704586724,
  77.14426448209261,
  77.86766266405303,
  77.80224171396229,
  76.90860351878504,
  75.15581869640944,
  72.52201934449322,
  68.99489970952537,
  64.57211782523518,
  59.26159216322156,
  53.08168840483354,
  46.06129257134542,
  38.23976792809492,
  29.666794295649016,
  20.40208964491688,
  10.515015110778739,
  0.08406581735081305,
  -10.803748845521518,
  -22.05363063353196,
  -33.56381750233651]||
[-2.197293895948847,
  -1.8815239685570468,
  -1.521706983189168,
  -1.120415315230346,
  -0.6809051793848376,
  -0.20709182924356198,
  0.2964846704424714,
  0.8247028070410078,
  1.3719117061884196,
  1.9319914111013552,
  2.498420713699883,
  3.0643517913585363,
  3.6226908064247803,
  4.166183538383962,
  4.687505041861458,
  5.179352258573511,
  5.634538458773262,
  6.0460883484493815,
  6.407332653129388,
  6.712000978064592,
  6.712000978064592,
  7.0390062174967305,
  7.299347520730897,
  7.485887078388936,
  7.592233269362775,
  7.612850963731686,
  7.543162702847589,
  7.379639275170936,
  7.1198783229987646,
  6.7626697501378406,
  6.308046852335,
  5.7573222591633995,
  5.113107956161894,
  4.379318847245242,
  3.5611595175048483,
  2.6650940631391413,
  1.6987990659271393,
  0.6711000018584046,
  -0.40810841531180514,
  -1.5279572472793364,
  -1.5279572472793364,
  -2.709311670862941,
  -3.933669577229954,
  -5.186554515879929,
  -6.4525091649300395,
  -7.715279899020657,
  -8.958016141898861,
  -10.163482133072998,
  -11.314278547749169,
  -12.393071249224594,
  -13.38282432525342,
  -14.267034466472046,
  -15.029963687225528,
  -15.656867368106653,
  -16.134214615799465,
  -16.449897989560533,
  -16.593429734572407,
  -16.556121789714144,
  -16.331246999819115,
  -15.914179158601986,
  -15.914179158601986,
  -15.48887439579923,
  -14.842403929563018,
  -13.971783688055313,
  -12.877046985318598,
  -11.561333090671843,
  -10.030935878730144,
  -8.295311253135594,
  -6.36704254851483,
  -4.261763641952457,
  -1.9980400410317791,
  0.4027912462703427,
  2.916821720428046,
  5.517809415133754,
  8.177452568977113,
  10.865696092403466,
  13.551067525386948,
  16.201038763821487,
  18.782409456128804,
  21.26170764099162,
  21.26170764099162,
  23.893088449069726,
  26.39715731738109,
  28.732779265715628,
  30.85952433488091,
  32.73824684001282,
  34.33166002970209,
  35.60489852729942,
  36.5260609876095,
  37.0667255545985,
  37.202430952661686,
  36.91311638321726,
  36.18351382656243,
  35.00348686160033,
  33.36831070772053,
  31.278888857291506,
  28.741902396478196,
  25.769888898163586,
  22.381248604612857,
  18.600176489508662,
  18.600176489508662,
  14.632581290481882,
  10.224082522041853,
  5.411485987265487,
  0.2387320610412011,
  -5.243500740634905,
  -10.978291714083529,
  -16.9030685963531,
  -22.950286743667483,
  -29.048189521223176,
  -35.12164143089672,
  -41.0930244622997,
  -46.883187218762814,
  -52.412435555658035,
  -57.60155278506354,
  -62.37283695772174,
  -66.65114233849619,
  -70.36491195135191,
  -73.44718798868715,
  -75.83658696020267,
  -75.83658696020267,
  -78.4218106994815,
  -80.19550660966013,
  -81.08990858688162,
  -81.04683487428315,
  -80.01877450667389,
  -77.96985377868485,
  -74.87666803647915,
  -70.72896562729208,
  -65.53017255658095,
  -59.29774827982419,
  -52.063365073329905,
  -43.87290556226003,
  -34.786275209318816,
  -24.877028857783987,
  -14.231812750353457,
  -2.9496257825792256,
  8.859093931956956,
  21.073548836525056,
  33.563817502336505],
 [-3.6213132862979713,
  -3.9481685476713633,
  -4.246963153492017,
  -4.512099559880967,
  -4.738226430109531,
  -4.920319816061631,
  -5.053761709100769,
  -5.134414884745601,
  -5.15869299899358,
  -5.123624940998531,
  -5.0269125066428275,
  -4.866980529725309,
  -4.6430186912351985,
  -4.355014321577455,
  -4.003775614597749,
  -3.5909447846433484,
  -3.1190008173968367,
  -2.5912515904436533,
  -2.0118152690132303,
  -1.3855910145346866,
  -1.3855910145346866,
  -0.7269661521520773,
  -0.016414208774868846,
  0.739107741578732,
  1.5317337066604078,
  2.352770609328314,
  3.192793065191376,
  4.041750076496518,
  4.889082447967284,
  5.723849577321975,
  6.534864135464347,
  7.310833030677912,
  8.04050294920074,
  8.71280868273149,
  9.317022392907216,
  9.842901924538623,
  10.280836264067768,
  10.621986247734275,
  10.858418655429126,
  10.983231881029361,
  10.983231881029361,
  11.124523526855976,
  11.136030765426769,
  11.01064578131128,
  10.742891186965425,
  10.32904378747003,
  9.767237418269374,
  9.057543155191764,
  8.202025463867335,
  7.20477314428391,
  6.07190423226195,
  4.811544339470857,
  3.4337782434446926,
  1.9505748749285745,
  0.37568618774025037,
  -1.275479267951854,
  -2.9860069185711247,
  -4.737649416805676,
  -6.511020793716058,
  -8.285809452344145,
  -8.285809452344145,
  -10.163294087034215,
  -12.035946628574267,
  -13.877844352212925,
  -15.662453530461583,
  -17.362977910441412,
  -18.952718379556195,
  -20.405439283378392,
  -21.695736714976356,
  -22.79940400748424,
  -23.69378963308802,
  -24.358142742639824,
  -24.773941670967016,
  -24.925200883040038,
  -24.79875204421029,
  -24.384495161723823,
  -23.67561606196493,
  -22.66876683502965,
  -21.36420629128969,
  -19.765897929013587,
  -19.765897929013587,
  -18.09933758072881,
  -16.098252744031875,
  -13.772153298521644,
  -11.135480196390832,
  -8.20755148620397,
  -5.012441415738508,
  -1.5787930817248206,
  2.0604340476063916,
  5.868279560831279,
  9.804157473914072,
  13.82428773082981,
  17.88217925705661,
  21.929159272282142,
  25.914942909857057,
  29.788236597994405,
  33.49736813931728,
  36.99093598813972,
  40.218469874941235,
  43.13109466998076,
  43.13109466998076,
  46.238538848147996,
  48.970484318189975,
  51.26938243733214,
  53.081433590266045,
  54.357440929973656,
  55.0536208216112,
  55.132358621699666,
  54.56289897689128,
  53.32196052013848,
  51.39426566985418,
  48.77297719060849,
  45.4600342414607,
  41.46638180811928,
  36.81208867436724,
  31.526350422010925,
  25.647375341432845,
  19.222152570224313,
  12.306103238289126,
  4.962616866725355,
  4.962616866725355,
  -2.77086274492252,
  -10.972809883593213,
  -19.555907124562218,
  -28.423994327198088,
  -37.47313596761498,
  -46.59281670236256,
  -55.667251608134066,
  -64.5767958948683,
  -73.19943741553895,
  -81.41235401503019,
  -89.09351669023552,
  -96.12331868891134,
  -102.38621006828126,
  -107.77231687553228,
  -112.1790240078924,
  -115.51250096360661,
  -117.68915010745926,
  -118.63695774302177,
  -118.2967292029463]
